每幅图像的标定误差：
第1幅图像的平均误差：0.0681967像素
第2幅图像的平均误差：0.0554715像素
第3幅图像的平均误差：0.0526134像素
第4幅图像的平均误差：0.0592256像素
第5幅图像的平均误差：0.0525997像素
第6幅图像的平均误差：0.0545048像素
第7幅图像的平均误差：0.0569261像素
第8幅图像的平均误差：0.0601371像素
第9幅图像的平均误差：0.0685318像素
第10幅图像的平均误差：0.0736201像素
第11幅图像的平均误差：0.0923545像素
第12幅图像的平均误差：0.0934072像素
第13幅图像的平均误差：0.059044像素
第14幅图像的平均误差：0.0601384像素
第15幅图像的平均误差：0.0547844像素
第16幅图像的平均误差：0.0645232像素
第17幅图像的平均误差：0.0581724像素
第18幅图像的平均误差：0.115054像素
第19幅图像的平均误差：0.0574755像素
第20幅图像的平均误差：0.067289像素
第21幅图像的平均误差：0.0443379像素
第22幅图像的平均误差：0.0624315像素
第23幅图像的平均误差：0.0939096像素
第24幅图像的平均误差：0.0844172像素
第25幅图像的平均误差：0.0886865像素
总体平均误差：0.0679141像素

相机内参数矩阵：
[1071.832083607423, 0, 980.2544097754393;
 0, 1069.043414267978, 533.3180255057707;
 0, 0, 1]

畸变系数：
[0.01156301628720666, -0.0115574282570911, -3.16311673209066e-05, 0.001630634230314932, -0.004208693254934517]


第1幅图像的旋转向量：
[-45.12904543714637;
 2.357607528644583;
 276.4641522607885]
第1幅图像的旋转矩阵：
[-0.8137393732624152, 0.4976352285210325, -0.300312190457383;
 -0.5026844369579854, -0.8619331606260404, -0.06617842135800568;
 -0.2917817493311139, 0.09711027725232928, 0.95154243458148]
第1幅图像的平移向量：
[-2.1445137452354;
 2.209068164180353;
 -0.117668094220763]

第2幅图像的旋转向量：
[1.721861063509335;
 -2.670304874683436;
 294.9596896684823]
第2幅图像的旋转矩阵：
[0.9450981624872532, 0.3267701223138607, 0.003278784256692481;
 -0.3267759248105533, 0.9451007910375921, 0.001410582973499182;
 -0.00263784522385749, -0.00240456713402485, 0.9999936298944474]
第2幅图像的平移向量：
[-2.192519742929445;
 2.238925726785022;
 -0.02064608502078209]

第3幅图像的旋转向量：
[67.91228755750112;
 -11.69386758672166;
 287.4470816847023]
第3幅图像的旋转矩阵：
[0.9625003780135161, -0.2712716105246153, -0.00217615422707277;
 0.270551947082315, 0.9604726103228547, -0.06552868646302813;
 0.01986620884332991, 0.0624826227281078, 0.9978483129229664]
第3幅图像的平移向量：
[2.200826706934627;
 -2.172877343338485;
 -0.08641913589661139]

第4幅图像的旋转向量：
[133.1357801338985;
 -9.207950942159416;
 288.7712873602856]
第4幅图像的旋转矩阵：
[-0.389566339851591, 0.6412411936939147, 0.661095907085075;
 -0.6820559961610141, -0.6832211415776931, 0.2607843741524416;
 0.6189003837092377, -0.3493116133358255, 0.7035223605780284]
第4幅图像的平移向量：
[2.206422906145331;
 -2.111003485908264;
 -0.1368616468487564]

第5幅图像的旋转向量：
[235.1182568993258;
 -20.0830692995138;
 303.4589346715243]
第5幅图像的旋转矩阵：
[0.6377664577210196, -0.7344429383140758, 0.2320506749970142;
 0.6974569485565132, 0.4228432725091523, -0.5785822083368864;
 0.3268145503434944, 0.5308456812053176, 0.7819175867247405]
第5幅图像的平移向量：
[2.144043514565979;
 -2.13432225228971;
 -0.1618566832200151]

第6幅图像的旋转向量：
[228.46798488555;
 10.30650823379591;
 287.6453047125561]
第6幅图像的旋转矩阵：
[-0.2248164687181839, -0.03044149175868657, 0.9739254955963478;
 0.1000666404901449, -0.9949485778751812, -0.007999677816676543;
 0.9692493089262958, 0.09565899311439756, 0.2267270036458775]
第6幅图像的平移向量：
[2.14583379309247;
 -2.141683671309636;
 -0.1434095042864915]

第7幅图像的旋转向量：
[227.2671237726741;
 48.27605174906208;
 284.3314398475968]
第7幅图像的旋转矩阵：
[-0.1896490953970714, -0.1308049729798658, 0.9730998302634776;
 0.4446568371676943, -0.8950684729871194, -0.03365599240148481;
 0.8753933503146428, 0.4263126642597459, 0.2279122517914781]
第7幅图像的平移向量：
[2.129918365336668;
 -2.109471741939075;
 -0.09707919260501441]

第8幅图像的旋转向量：
[215.8928666310321;
 115.2020878569483;
 273.8479786627329]
第8幅图像的旋转矩阵：
[-0.2767560163497922, 0.129151888834771, 0.9522215587900773;
 0.5903828776492966, -0.7589984328106296, 0.2745349463539094;
 0.7581913776829232, 0.6381545021398967, 0.1338083188962909]
第8幅图像的平移向量：
[2.096681636051919;
 -2.136550257015287;
 0.06719437255155274]

第9幅图像的旋转向量：
[130.5324722850473;
 87.55612375790471;
 218.6873964660759]
第9幅图像的旋转矩阵：
[0.7312283468297494, 0.6733419156921279, -0.1091593759815767;
 -0.5626280920792455, 0.6858311294296803, 0.4616116245378546;
 0.3856873536893581, -0.2761273736471349, 0.8803402403200909]
第9幅图像的平移向量：
[2.141677967667094;
 -2.195835171084072;
 0.08426629800478887]

第10幅图像的旋转向量：
[96.48625845503284;
 89.10631682161436;
 212.0165151231854]
第10幅图像的旋转矩阵：
[-0.1469016978270304, 0.9831557926044474, 0.1087408784397869;
 -0.6102931464924426, -0.1766018345468794, 0.7722396437499375;
 0.7784357176542516, 0.04707950194083715, 0.6259563514951445]
第10幅图像的平移向量：
[2.183113384616453;
 -2.163283825705219;
 0.1258505437569869]

第11幅图像的旋转向量：
[49.30581450625295;
 75.86236176120956;
 199.7714309194618]
第11幅图像的旋转矩阵：
[0.8307978518436552, 0.5328986301804899, -0.1606050414019606;
 -0.5051788965849562, 0.8431147143656609, 0.1842603073516268;
 0.2336005389916171, -0.07194878992635953, 0.9696670355389826]
第11幅图像的平移向量：
[2.224148740549468;
 -2.20434208425851;
 0.1506309804152826]

第12幅图像的旋转向量：
[23.82097873219559;
 65.67302819493707;
 203.3348913112921]
第12幅图像的旋转矩阵：
[0.2065874291073363, -0.9000726641591588, 0.3836545755862368;
 0.9544425721512801, 0.2716741874623928, 0.1234200645434008;
 -0.215316071392894, 0.3406792261058529, 0.9151921406458031]
第12幅图像的平移向量：
[-2.151090471160737;
 2.24829335763354;
 -0.1382951908148233]

第13幅图像的旋转向量：
[65.36154233438535;
 60.68152728352429;
 260.0048681058969]
第13幅图像的旋转矩阵：
[0.04410340163011037, 0.9990014151245641, 0.007145806026720852;
 -0.8926304994680616, 0.03619333159860795, 0.4493337670008699;
 0.4486264385700557, -0.02619571199474349, 0.8933353811917653]
第13幅图像的平移向量：
[2.146144946752652;
 -2.202123673775362;
 0.0280748968574944]

第14幅图像的旋转向量：
[-32.92001758957105;
 59.16480423827539;
 270.7397310103952]
第14幅图像的旋转矩阵：
[-0.8396990785614291, -0.5323331245711856, -0.1073634106544938;
 0.4390213679609347, -0.7818076884974725, 0.4427606313573381;
 -0.3196336902405573, 0.324650862759546, 0.890188812203729]
第14幅图像的平移向量：
[-2.177364315270857;
 2.232529566631826;
 -0.164175241302162]

第15幅图像的旋转向量：
[137.8520692489679;
 37.38567982545706;
 290.0246138838322]
第15幅图像的旋转矩阵：
[-0.600773397466039, -0.165207384439558, 0.782162288162599;
 0.358160384716823, -0.9303462487155727, 0.07859386948330567;
 0.714697463068542, 0.3273566520287951, 0.6180980170295711]
第15幅图像的平移向量：
[2.072811173315335;
 -2.163224728293339;
 -0.2088648137336186]

第16幅图像的旋转向量：
[105.2723869825411;
 15.50294172039125;
 260.0123415064374]
第16幅图像的旋转矩阵：
[-0.05507955116453581, 0.9266269139452182, 0.3719258063053358;
 -0.8758677242787326, -0.2236816083721771, 0.4275772066455714;
 0.479397510016799, -0.3022070489389632, 0.8239228889655242]
第16幅图像的平移向量：
[2.21155209854852;
 -2.154526248032775;
 -0.06982762347881059]

第17幅图像的旋转向量：
[178.4603517575867;
 12.7124550162327;
 248.6794073674829]
第17幅图像的旋转矩阵：
[0.3697717555743463, 0.8339443155198343, 0.4096409737704721;
 -0.7878246711701564, 0.04769534117399171, 0.6140500321031921;
 0.4925455677144001, -0.5497836238398259, 0.674638296187259]
第17幅图像的平移向量：
[2.15183261315523;
 -2.113790952120083;
 -0.1896653922458721]

第18幅图像的旋转向量：
[36.6242260359347;
 34.0605714224674;
 186.5245968620834]
第18幅图像的旋转矩阵：
[-0.05480460136021024, 0.9981881706571124, 0.024836095304133;
 -0.9249892285335953, -0.06012127443669692, 0.3752070887615686;
 0.3760204552502067, -0.002410045708054032, 0.926608228386254]
第18幅图像的平移向量：
[-2.160375088108632;
 2.237644650785851;
 -0.1646869391482018]

第19幅图像的旋转向量：
[137.9757701600876;
 -9.153652896281065;
 283.7172464709076]
第19幅图像的旋转矩阵：
[0.279197811636922, -0.9048688535917297, 0.3213424027058094;
 0.8822734524519555, 0.1096536817292607, -0.4577877512360121;
 0.3790015000968475, 0.4113252093937433, 0.8289568354513597]
第19幅图像的平移向量：
[1.221359878931427;
 -2.672901506726763;
 0.1013477111895161]

第20幅图像的旋转向量：
[80.20834133961152;
 99.7241896441643;
 289.4186671807797]
第20幅图像的旋转矩阵：
[-0.5536868263308314, -0.5541863948365685, 0.6215370770322063;
 0.8194248537173802, -0.4954653020482682, 0.2881961893857526;
 0.1482356484046327, 0.6688733618886803, 0.7284467161692699]
第20幅图像的平移向量：
[2.788998807949072;
 -1.185694931641524;
 0.2585623275159302]

第21幅图像的旋转向量：
[59.93240366356751;
 21.59511672697094;
 387.2209127089998]
第21幅图像的旋转矩阵：
[-0.917197672991481, -0.2494899631765205, 0.3106496208482972;
 0.282484943181934, -0.9570383060932255, 0.06542123161259802;
 0.2809816462591673, 0.1477580418941322, 0.9482704653847968]
第21幅图像的平移向量：
[-2.120715016369375;
 1.902152119475116;
 -0.405914901124261]

第22幅图像的旋转向量：
[74.95082756322599;
 0.5819461749927856;
 244.3289578502699]
第22幅图像的旋转矩阵：
[-0.3300259662169467, 0.8522147433753094, 0.4059715418552469;
 -0.8502711875611501, -0.4551770034535125, 0.2642968087783748;
 0.4100265469770493, -0.2579610953241531, 0.8748338722713251]
第22幅图像的平移向量：
[2.007023626261369;
 -2.067499244595053;
 0.540496303883561]

第23幅图像的旋转向量：
[118.5947923213578;
 64.273407195472;
 232.9150260091159]
第23幅图像的旋转矩阵：
[0.6155584595812991, 0.7877939316307441, -0.02164495607925532;
 -0.6874041329675931, 0.5501443144638836, 0.4741484907095407;
 0.3854391531966752, -0.2769872822871806, 0.8801787912885608]
第23幅图像的平移向量：
[-1.984189818676182;
 2.025886681496015;
 0.3369888622122145]

第24幅图像的旋转向量：
[124.5880575392569;
 59.79172982614531;
 184.0981399695107]
第24幅图像的旋转矩阵：
[-0.1695045552633018, 0.8375211586197022, 0.5194482790512465;
 -0.3724724049839594, -0.5424236825875454, 0.753021152487519;
 0.9124321965332303, -0.06583963420674083, 0.4038968052573165]
第24幅图像的平移向量：
[2.00406826435245;
 -2.368118666178816;
 -0.4211998513757325]

第25幅图像的旋转向量：
[105.7783763167543;
 46.82444876317388;
 193.9219095444934]
第25幅图像的旋转矩阵：
[0.9410925040879714, 0.3346287304273357, -0.04866735581497098;
 -0.3199662885300993, 0.9277762505392643, 0.1919708392948716;
 0.109391375133987, -0.1650904046511902, 0.9801931877637191]
第25幅图像的平移向量：
[2.154457416603628;
 -2.17230431285346;
 0.005117205700729374]


